{
    "run_id": "20260630_102938",
    "calibration_mode": "eye_in_hand",
    "description": {
        "setup": "camera attached to gripper, ChArUco target fixed on floor/table",
        "robot_pose": "myCobot get_coords() interpreted as ^bT_g, gripper to base",
        "vision_pose": "ChArUco solvePnP interpreted as ^cT_t, target to camera",
        "handeye_output": "^gT_c, camera to gripper",
        "validation": "^bT_t_i = ^bT_g_i @ ^gT_c @ ^cT_t_i should be nearly constant because target is fixed"
    },
    "selected_key": "zyx:HORAUD",
    "selected_method": "HORAUD",
    "selected_euler_order": "zyx",
    "valid_indices": [
        1,
        2,
        3,
        4,
        5,
        6,
        7,
        8,
        9,
        10,
        11,
        12,
        13,
        14,
        15,
        16,
        17,
        19,
        20,
        21,
        22,
        23,
        25,
        26,
        27,
        29,
        30
    ],
    "max_reprojection_error_filter_px": 2.0,
    "all_results": {
        "zyx:TSAI": {
            "euler_order": "zyx",
            "method": "TSAI",
            "T_gripper_camera": [
                [
                    0.7228740785716825,
                    0.6895299164630042,
                    0.04473880677514028,
                    -35.062302369630345
                ],
                [
                    -0.690156665629394,
                    0.7236573716707937,
                    -0.00194558830064493,
                    -35.61357280050853
                ],
                [
                    -0.03371710866100061,
                    -0.029470370358060008,
                    0.9989968237459521,
                    32.481321644334585
                ],
                [
                    0.0,
                    0.0,
                    0.0,
                    1.0
                ]
            ],
            "T_camera_gripper": [
                [
                    0.7228740785716825,
                    -0.690156665629394,
                    -0.03371710866100061,
                    1.8618611142345491
                ],
                [
                    0.6895299164630042,
                    0.7236573716707937,
                    -0.029470370358060008,
                    50.90576749113209
                ],
                [
                    0.04473880677514028,
                    -0.00194558830064493,
                    0.9989968237459521,
                    -30.9493809335393
                ],
                [
                    0.0,
                    0.0,
                    0.0,
                    1.0
                ]
            ],
            "T_cam2gripper": [
                [
                    0.7228740785716825,
                    0.6895299164630042,
                    0.04473880677514028,
                    -35.062302369630345
                ],
                [
                    -0.690156665629394,
                    0.7236573716707937,
                    -0.00194558830064493,
                    -35.61357280050853
                ],
                [
                    -0.03371710866100061,
                    -0.029470370358060008,
                    0.9989968237459521,
                    32.481321644334585
                ],
                [
                    0.0,
                    0.0,
                    0.0,
                    1.0
                ]
            ],
            "t_gripper_camera_mm": [
                -35.062302369630345,
                -35.61357280050853,
                32.481321644334585
            ],
            "validation": {
                "target_position_mean_mm": [
                    241.16099008994684,
                    114.16259466623607,
                    1.3064130746177696
                ],
                "target_position_std_mm": [
                    1.1122268627583722,
                    0.4019513109129482,
                    1.4240845358427914
                ],
                "target_position_error_mean_mm": 1.6699372701870905,
                "target_position_error_rms_mm": 1.8511159379716193,
                "target_position_error_max_mm": 3.692222747115965,
                "target_position_samples_mm": [
                    [
                        241.57506007016232,
                        113.67982169857004,
                        2.209516733026163
                    ],
                    [
                        240.25652784567978,
                        114.07375566832664,
                        1.1814458303685171
                    ],
                    [
                        241.22700937770736,
                        113.63776247070336,
                        1.634793482303337
                    ],
                    [
                        242.9118488597294,
                        113.91837296999176,
                        -1.891937123384949
                    ],
                    [
                        239.9485869571771,
                        113.9629939086923,
                        0.6217235252951525
                    ],
                    [
                        242.8822531570497,
                        113.65905559308936,
                        1.2396512927473395
                    ],
                    [
                        239.03042886199813,
                        114.91419900639502,
                        0.6853288555448671
                    ],
                    [
                        239.92898118266527,
                        114.27272362243374,
                        0.7556330334193717
                    ],
                    [
                        240.6725683685658,
                        114.63842999166525,
                        -0.8651701492715063
                    ],
                    [
                        241.15239800377765,
                        114.05238499190175,
                        1.6984439974305303
                    ],
                    [
                        239.8323361661282,
                        114.71916543854489,
                        0.31294819793325246
                    ],
                    [
                        240.31936603810271,
                        114.06260164597786,
                        0.15485441621601126
                    ],
                    [
                        243.21582542965854,
                        114.38185133476313,
                        2.2569533357139164
                    ],
                    [
                        241.6832541545261,
                        114.23253095745682,
                        2.2074934526522725
                    ],
                    [
                        241.2306006571315,
                        114.38789643345714,
                        2.4666624965934147
                    ],
                    [
                        240.15636132286528,
                        113.93406098635961,
                        0.8717515945028254
                    ],
                    [
                        243.1206158345861,
                        113.89881180461136,
                        -1.8117264920438458
                    ],
                    [
                        243.00863287749684,
                        114.51189083977826,
                        2.4516898699710055
                    ],
                    [
                        241.37368696319237,
                        113.47563236306179,
                        -0.6833031057316816
                    ],
                    [
                        241.68503023610018,
                        114.18992159456971,
                        3.9979608206339208
                    ],
                    [
                        240.93271347153146,
                        113.81586691816482,
                        2.38719451648754
                    ],
                    [
                        240.963209817179,
                        113.75437704697504,
                        2.991482060290707
                    ],
                    [
                        241.82261395403458,
                        114.46468083448472,
                        3.2273983039455345
                    ],
                    [
                        241.50389617759112,
                        113.82199309030742,
                        2.1520918431786242
                    ],
                    [
                        240.02595544748823,
                        115.05293121024293,
                        0.8829571596118058
                    ],
                    [
                        240.2297571616569,
                        114.66011003330492,
                        2.05463897198743
                    ],
                    [
                        240.65721403478463,
                        114.21623353454493,
                        2.082676095258222
                    ]
                ]
            },
            "quality": {
                "max_std_mm": 1.4240845358427914,
                "rms_mm": 1.8511159379716193,
                "level": "매우 좋음"
            },
            "score": 2.2071370719323173
        },
        "zyx:PARK": {
            "euler_order": "zyx",
            "method": "PARK",
            "T_gripper_camera": [
                [
                    0.7223115126581918,
                    0.6902027330311066,
                    0.04343116390130225,
                    -34.99555684227904
                ],
                [
                    -0.690768210892423,
                    0.7230713298241404,
                    -0.002670357060340714,
                    -35.749097273635044
                ],
                [
                    -0.033246917179142806,
                    -0.028072037737489123,
                    0.9990528530540054,
                    32.34835361294212
                ],
                [
                    0.0,
                    0.0,
                    0.0,
                    1.0
                ]
            ],
            "T_camera_gripper": [
                [
                    0.7223115126581918,
                    -0.690768210892423,
                    -0.033246917179142806,
                    1.6588366677853448
                ],
                [
                    0.6902027330311066,
                    0.7230713298241404,
                    -0.028072037737489123,
                    50.91126048551443
                ],
                [
                    0.04343116390130225,
                    -0.002670357060340714,
                    0.9990528530540054,
                    -30.893280057880766
                ],
                [
                    0.0,
                    0.0,
                    0.0,
                    1.0
                ]
            ],
            "T_cam2gripper": [
                [
                    0.7223115126581918,
                    0.6902027330311066,
                    0.04343116390130225,
                    -34.99555684227904
                ],
                [
                    -0.690768210892423,
                    0.7230713298241404,
                    -0.002670357060340714,
                    -35.749097273635044
                ],
                [
                    -0.033246917179142806,
                    -0.028072037737489123,
                    0.9990528530540054,
                    32.34835361294212
                ],
                [
                    0.0,
                    0.0,
                    0.0,
                    1.0
                ]
            ],
            "t_gripper_camera_mm": [
                -34.99555684227904,
                -35.749097273635044,
                32.34835361294212
            ],
            "validation": {
                "target_position_mean_mm": [
                    241.3900618438951,
                    114.10784388915934,
                    1.5581327007031547
                ],
                "target_position_std_mm": [
                    1.089362679566594,
                    0.39089945142294497,
                    1.407558879816839
                ],
                "target_position_error_mean_mm": 1.642046800283409,
                "target_position_error_rms_mm": 1.822288514178395,
                "target_position_error_max_mm": 3.596467758260024,
                "target_position_samples_mm": [
                    [
                        241.80886258696077,
                        113.62905607893151,
                        2.446197617732963
                    ],
                    [
                        240.47540058311,
                        113.93098460693314,
                        1.3920742705194016
                    ],
                    [
                        241.47954116230875,
                        113.71202512922687,
                        1.9157745063753566
                    ],
                    [
                        243.06118385163938,
                        113.86473401175022,
                        -1.6013942284170213
                    ],
                    [
                        240.21564002232225,
                        114.00382561920327,
                        0.9315840992067024
                    ],
                    [
                        243.03092865292786,
                        113.49063521113942,
                        1.4442117215760106
                    ],
                    [
                        239.28414058008286,
                        114.7954385928119,
                        0.9350523853215975
                    ],
                    [
                        240.1978139414047,
                        114.2471238918735,
                        1.0514747077312734
                    ],
                    [
                        240.89277953408674,
                        114.54410142245067,
                        -0.6058958002485042
                    ],
                    [
                        241.4069509639221,
                        114.06292096270796,
                        1.9719394835439061
                    ],
                    [
                        240.06304296878847,
                        114.63260716263525,
                        0.5818723687376064
                    ],
                    [
                        240.56104463009348,
                        114.04830476442149,
                        0.43638566632762377
                    ],
                    [
                        243.4218908949474,
                        114.31169452217193,
                        2.516404573677221
                    ],
                    [
                        241.86348032787097,
                        114.05620669270999,
                        2.3709876332831357
                    ],
                    [
                        241.47133098485688,
                        114.32660540008862,
                        2.696934069172954
                    ],
                    [
                        240.41793298295863,
                        113.86538467470125,
                        1.1457565402280636
                    ],
                    [
                        243.28887393257622,
                        113.97996211257755,
                        -1.4935454014728577
                    ],
                    [
                        243.23273993025657,
                        114.54289547305528,
                        2.697998145564952
                    ],
                    [
                        241.5201951908129,
                        113.30352085601584,
                        -0.484556491005236
                    ],
                    [
                        241.98693536202344,
                        114.21496260723131,
                        4.19604745926884
                    ],
                    [
                        241.20450599244384,
                        113.84386286622288,
                        2.673509591632836
                    ],
                    [
                        241.23410145182203,
                        113.78938037454596,
                        3.268328636535358
                    ],
                    [
                        242.0371314297626,
                        114.33780724827837,
                        3.4089598863573087
                    ],
                    [
                        241.72994794400648,
                        113.73788674170859,
                        2.3936629945008576
                    ],
                    [
                        240.2546942357448,
                        114.92070732962067,
                        1.1261318514549714
                    ],
                    [
                        240.49659166194306,
                        114.61542839541735,
                        2.327660189695081
                    ],
                    [
                        240.89398798549416,
                        114.10372225887052,
                        2.3260264416847747
                    ]
                ]
            },
            "quality": {
                "max_std_mm": 1.407558879816839,
                "rms_mm": 1.822288514178395,
                "level": "매우 좋음"
            },
            "score": 2.174178234132605
        },
        "zyx:HORAUD": {
            "euler_order": "zyx",
            "method": "HORAUD",
            "T_gripper_camera": [
                [
                    0.7223427623765357,
                    0.6901711727976282,
                    0.043412969045929714,
                    -34.99033393421648
                ],
                [
                    -0.6907366414828137,
                    0.7231015468517987,
                    -0.0026542519811696185,
                    -35.75290994812195
                ],
                [
                    -0.03322387327328531,
                    -0.02806964872746135,
                    0.9990536867781619,
                    32.346455658764164
                ],
                [
                    0.0,
                    0.0,
                    0.0,
                    1.0
                ]
            ],
            "T_camera_gripper": [
                [
                    0.7223427623765357,
                    -0.6907366414828137,
                    -0.03322387327328531,
                    1.6538440733628572
                ],
                [
                    0.6901711727976282,
                    0.7231015468517987,
                    -0.02806964872746135,
                    50.9102579438188
                ],
                [
                    0.043412969045929714,
                    -0.0026542519811696185,
                    0.9990536867781619,
                    -30.891708728164172
                ],
                [
                    0.0,
                    0.0,
                    0.0,
                    1.0
                ]
            ],
            "T_cam2gripper": [
                [
                    0.7223427623765357,
                    0.6901711727976282,
                    0.043412969045929714,
                    -34.99033393421648
                ],
                [
                    -0.6907366414828137,
                    0.7231015468517987,
                    -0.0026542519811696185,
                    -35.75290994812195
                ],
                [
                    -0.03322387327328531,
                    -0.02806964872746135,
                    0.9990536867781619,
                    32.346455658764164
                ],
                [
                    0.0,
                    0.0,
                    0.0,
                    1.0
                ]
            ],
            "t_gripper_camera_mm": [
                -34.99033393421648,
                -35.75290994812195,
                32.346455658764164
            ],
            "validation": {
                "target_position_mean_mm": [
                    241.39347197242802,
                    114.10221979070924,
                    1.5613228574967826
                ],
                "target_position_std_mm": [
                    1.0890574712488679,
                    0.3905042024679575,
                    1.4071790261039334
                ],
                "target_position_error_mean_mm": 1.6414718394070655,
                "target_position_error_rms_mm": 1.8217278938784816,
                "target_position_error_max_mm": 3.5966136348533033,
                "target_position_samples_mm": [
                    [
                        241.8121739201128,
                        113.62354143093725,
                        2.4490729350045513
                    ],
                    [
                        240.47852731628916,
                        113.92623746084483,
                        1.395640245434862
                    ],
                    [
                        241.48229662928568,
                        113.707161894037,
                        1.918556261354297
                    ],
                    [
                        243.06530612266408,
                        113.85760388608449,
                        -1.5976711203219622
                    ],
                    [
                        240.2186867661224,
                        113.99980775776694,
                        0.9353297899996278
                    ],
                    [
                        243.03420508326641,
                        113.48522457086335,
                        1.4484206635387409
                    ],
                    [
                        239.28822135557954,
                        114.78904210413464,
                        0.9383584753433354
                    ],
                    [
                        240.2014909151194,
                        114.24218658655118,
                        1.0553541554241406
                    ],
                    [
                        240.8978049227089,
                        114.5355685237712,
                        -0.6032164180368227
                    ],
                    [
                        241.41004534423627,
                        114.05731011965219,
                        1.9748213927409495
                    ],
                    [
                        240.06796725183068,
                        114.62592442109232,
                        0.5857472035369256
                    ],
                    [
                        240.5658236047788,
                        114.04063391059408,
                        0.4394815852008378
                    ],
                    [
                        243.4241690803438,
                        114.30626120610525,
                        2.5190285195990043
                    ],
                    [
                        241.86640290720788,
                        114.05090367825339,
                        2.3738896709501205
                    ],
                    [
                        241.47482474058873,
                        114.32086367956671,
                        2.699621428402793
                    ],
                    [
                        240.4215906418342,
                        113.86033782450623,
                        1.1495132337513212
                    ],
                    [
                        243.29385010470338,
                        113.97276940012742,
                        -1.489486082630492
                    ],
                    [
                        243.2350506455013,
                        114.53719951170869,
                        2.700037092093993
                    ],
                    [
                        241.52413929392293,
                        113.29682411853211,
                        -0.48098531733634786
                    ],
                    [
                        241.98785740011203,
                        114.21117892854821,
                        4.197528645814913
                    ],
                    [
                        241.20663745775084,
                        113.84026618889268,
                        2.6765360899934194
                    ],
                    [
                        241.23699021706773,
                        113.78537074619021,
                        3.2716338525833635
                    ],
                    [
                        242.03997131141097,
                        114.33211500977345,
                        3.411195687218367
                    ],
                    [
                        241.73308471156392,
                        113.73296174789806,
                        2.397086237250903
                    ],
                    [
                        240.2593630879369,
                        114.91341111005937,
                        1.1293605913608928
                    ],
                    [
                        240.50031620099986,
                        114.60979038944473,
                        2.3310182609212404
                    ],
                    [
                        240.89694622261675,
                        114.09943814321389,
                        2.3298440732201584
                    ]
                ]
            },
            "quality": {
                "max_std_mm": 1.4071790261039334,
                "rms_mm": 1.8217278938784816,
                "level": "매우 좋음"
            },
            "score": 2.1735226504044647
        },
        "zyx:DANIILIDIS": {
            "euler_order": "zyx",
            "method": "DANIILIDIS",
            "T_gripper_camera": [
                [
                    0.7146956693361866,
                    0.6993829159497822,
                    0.008581206772959203,
                    -38.04959538107977
                ],
                [
                    -0.6986712468561902,
                    0.7144343510242955,
                    -0.03797429252679273,
                    -36.247386073338625
                ],
                [
                    -0.03268928033036271,
                    0.02114461997941009,
                    0.9992418706186251,
                    34.18979326541217
                ],
                [
                    0.0,
                    0.0,
                    0.0,
                    1.0
                ]
            ],
            "T_camera_gripper": [
                [
                    0.7146956693361866,
                    -0.6986712468561902,
                    -0.03268928033036271,
                    2.986514352204882
                ],
                [
                    0.6993829159497822,
                    0.7144343510242955,
                    0.02114461997941009,
                    51.78468452818996
                ],
                [
                    0.008581206772959203,
                    -0.03797429252679273,
                    0.9992418706186251,
                    -35.2138303750826
                ],
                [
                    0.0,
                    0.0,
                    0.0,
                    1.0
                ]
            ],
            "T_cam2gripper": [
                [
                    0.7146956693361866,
                    0.6993829159497822,
                    0.008581206772959203,
                    -38.04959538107977
                ],
                [
                    -0.6986712468561902,
                    0.7144343510242955,
                    -0.03797429252679273,
                    -36.247386073338625
                ],
                [
                    -0.03268928033036271,
                    0.02114461997941009,
                    0.9992418706186251,
                    34.18979326541217
                ],
                [
                    0.0,
                    0.0,
                    0.0,
                    1.0
                ]
            ],
            "t_gripper_camera_mm": [
                -38.04959538107977,
                -36.247386073338625,
                34.18979326541217
            ],
            "validation": {
                "target_position_mean_mm": [
                    251.91203238276904,
                    116.15595872095,
                    3.3855582154691315
                ],
                "target_position_std_mm": [
                    0.9271722786015277,
                    2.3165435159933923,
                    1.8649979438501774
                ],
                "target_position_error_mean_mm": 2.806897012203225,
                "target_position_error_rms_mm": 3.1151628571013057,
                "target_position_error_max_mm": 6.128484250183503,
                "target_position_samples_mm": [
                    [
                        251.76387275549712,
                        116.23367381129574,
                        3.741046709162532
                    ],
                    [
                        252.18691184902056,
                        113.41180066514073,
                        2.2420603767843374
                    ],
                    [
                        251.2834259219827,
                        119.71561138842337,
                        5.181806808245909
                    ],
                    [
                        251.16088790594625,
                        116.32134021561785,
                        1.165665836915153
                    ],
                    [
                        252.14282878128083,
                        118.58286557495325,
                        5.039033363966553
                    ],
                    [
                        253.7068115365674,
                        112.21074817393173,
                        2.3531176539333956
                    ],
                    [
                        251.3263022208377,
                        114.14826098430916,
                        2.0163899349179246
                    ],
                    [
                        252.58570849071856,
                        116.49760564019735,
                        4.2376266950886645
                    ],
                    [
                        250.38202001856965,
                        114.84677285134006,
                        -0.23710074398158554
                    ],
                    [
                        251.71930341546013,
                        118.05807496056681,
                        4.664026707108945
                    ],
                    [
                        251.27577173921583,
                        114.79668676843039,
                        1.7857975743383747
                    ],
                    [
                        250.0617884246506,
                        116.71295020201583,
                        2.1793321224376427
                    ],
                    [
                        253.29631056460465,
                        116.78314362250042,
                        5.603690421863718
                    ],
                    [
                        252.32257848895057,
                        113.1725933442844,
                        1.8781186603377762
                    ],
                    [
                        251.56246506526747,
                        116.63184892149083,
                        3.706057043636804
                    ],
                    [
                        252.82482089338458,
                        114.99307288048882,
                        3.635483284008501
                    ],
                    [
                        249.99858588473364,
                        119.61334744561405,
                        2.0183884285048634
                    ],
                    [
                        251.18452267979492,
                        119.91018793835585,
                        5.083293350029265
                    ],
                    [
                        251.4323845456658,
                        111.72891829868766,
                        -0.825091408610831
                    ],
                    [
                        252.51956654807051,
                        119.66672534772579,
                        5.527248883119626
                    ],
                    [
                        252.8547335568465,
                        118.67210429537892,
                        6.498099490286137
                    ],
                    [
                        252.60353724869563,
                        118.52112651342,
                        6.234128299399657
                    ],
                    [
                        251.80226920432708,
                        115.1745962889675,
                        3.1536014788606224
                    ],
                    [
                        252.74407567953676,
                        115.14889131838355,
                        4.087482935792821
                    ],
                    [
                        251.43034574045163,
                        113.80663846508574,
                        1.4239324641240216
                    ],
                    [
                        252.27044070186662,
                        116.48214006202606,
                        4.5661376773172435
                    ],
                    [
                        253.18260447282077,
                        114.3691594870179,
                        4.450697770078477
                    ]
                ]
            },
            "quality": {
                "max_std_mm": 2.3165435159933923,
                "rms_mm": 3.1151628571013057,
                "level": "좋음 - pick-and-place 시연에 적당"
            },
            "score": 3.694298736099654
        },
        "zxy:TSAI": {
            "euler_order": "zxy",
            "method": "TSAI",
            "T_gripper_camera": [
                [
                    0.12264543943275252,
                    -0.6631206722914081,
                    -0.7383962826058497,
                    153.78392535991063
                ],
                [
                    0.992350066524011,
                    0.09252625180477247,
                    0.08173272414859736,
                    74.97179474798001
                ],
                [
                    0.014122381390470659,
                    -0.742771746034238,
                    0.6693957660734877,
                    76.20804661358864
                ],
                [
                    0.0,
                    0.0,
                    0.0,
                    1.0
                ]
            ],
            "T_camera_gripper": [
                [
                    0.12264543943275252,
                    0.992350066524011,
                    0.014122381390470659,
                    -94.33540170834219
                ],
                [
                    -0.6631206722914081,
                    0.09252625180477247,
                    -0.742771746034238,
                    151.64562465820217
                ],
                [
                    -0.7383962826058497,
                    0.08173272414859736,
                    0.6693957660734877,
                    56.412486047364325
                ],
                [
                    0.0,
                    0.0,
                    0.0,
                    1.0
                ]
            ],
            "T_cam2gripper": [
                [
                    0.12264543943275252,
                    -0.6631206722914081,
                    -0.7383962826058497,
                    153.78392535991063
                ],
                [
                    0.992350066524011,
                    0.09252625180477247,
                    0.08173272414859736,
                    74.97179474798001
                ],
                [
                    0.014122381390470659,
                    -0.742771746034238,
                    0.6693957660734877,
                    76.20804661358864
                ],
                [
                    0.0,
                    0.0,
                    0.0,
                    1.0
                ]
            ],
            "t_gripper_camera_mm": [
                153.78392535991063,
                74.97179474798001,
                76.20804661358864
            ],
            "validation": {
                "target_position_mean_mm": [
                    53.55389963613149,
                    -56.26290128840943,
                    -38.27785690226189
                ],
                "target_position_std_mm": [
                    12.548353976958714,
                    24.405627497444986,
                    14.640027138162122
                ],
                "target_position_error_mean_mm": 25.44399795663946,
                "target_position_error_rms_mm": 31.10347626361436,
                "target_position_error_max_mm": 78.94883967080938,
                "target_position_samples_mm": [
                    [
                        64.34944416237408,
                        -40.210082158151536,
                        -29.9226705769901
                    ],
                    [
                        52.895567258462634,
                        -50.04191978435884,
                        -27.792280663220936
                    ],
                    [
                        52.96595982461574,
                        -48.5103863669879,
                        -41.68581149557093
                    ],
                    [
                        38.39785460629474,
                        -114.44206802245236,
                        -62.105746798024256
                    ],
                    [
                        62.2032973337012,
                        -73.1055944679491,
                        -38.37360047475792
                    ],
                    [
                        37.278327571457,
                        -86.28720402756227,
                        -41.958509232779676
                    ],
                    [
                        50.07086725373611,
                        -49.4972494983425,
                        -41.50280341353002
                    ],
                    [
                        51.71489394293717,
                        -71.42278654422266,
                        -38.46041259695258
                    ],
                    [
                        73.04867024761026,
                        -52.69572614747985,
                        -55.30222809678531
                    ],
                    [
                        43.82313390450798,
                        -43.99752089269023,
                        -39.261667905531596
                    ],
                    [
                        72.00727142448012,
                        -76.35548260917507,
                        -43.33568943227297
                    ],
                    [
                        59.49762933570814,
                        -45.3686000410008,
                        -53.64635861500389
                    ],
                    [
                        16.827978576809357,
                        -74.33866744178492,
                        -36.641430603545444
                    ],
                    [
                        58.99082786237794,
                        -33.31343100146529,
                        -27.93366957510932
                    ],
                    [
                        64.04173836179126,
                        -36.4535531923824,
                        -29.95894223649867
                    ],
                    [
                        48.37215640225632,
                        -68.58438840415663,
                        -36.63237093966461
                    ],
                    [
                        57.21093839291362,
